{
 "cells": [
  {
   "cell_type": "markdown",
   "metadata": {},
   "source": [
    "Get the embeddings from the file"
   ]
  },
  {
   "cell_type": "code",
   "execution_count": 1,
   "metadata": {},
   "outputs": [],
   "source": [
    "from nltk.tokenize import word_tokenize\n",
    "\n",
    "def newEmbeddings(pathfile):\n",
    "    with open(pathfile,errors='ignore') as doc:\n",
    "    #dimension of the terms & nb terms \n",
    "        dimension=[]*2\n",
    "        line=doc.readline()\n",
    "        dimension=word_tokenize(line)\n",
    "        lines = doc.readlines()\n",
    "        l=0\n",
    "        linembeddings=[\"\"]*int(dimension[0])\n",
    "        print(len(linembeddings))\n",
    "        for line in lines:\n",
    "            linembeddings[l]=line  \n",
    "            l=l+1\n",
    "            \n",
    "        newembeddings=[['']]*len(linembeddings)\n",
    "        i=0\n",
    "        \n",
    "        for str in linembeddings :\n",
    "            newembeddings[i]=word_tokenize(str)\n",
    "           # print(newembeddings[i])\n",
    "            newembeddings[i][0]=newembeddings[i][0].lower()\n",
    "            i=i+1\n",
    "            #pour voir ou en est le code\n",
    "            #print(i)\n",
    "            #pour tester sinon trop long\n",
    "            #if(i==3): break\n",
    "            \n",
    "    return newembeddings\n",
    "#Faut il proceder à la lemmization ?"
   ]
  },
  {
   "cell_type": "code",
   "execution_count": null,
   "metadata": {},
   "outputs": [],
   "source": [
    "gloveEmbeddings= newEmbeddings(\"../../../../data/Glove_Gigaword/model.txt\")\n",
    "gensimEmbeddings= newEmbeddings(\"../../../../data/Gensim_wiki/model.txt\")\n",
    "fasTextEmbeddings= newEmbeddings(\"../../../../data/FastText_wiki/model.txt\")"
   ]
  },
  {
   "cell_type": "code",
   "execution_count": 4,
   "metadata": {},
   "outputs": [
    {
     "name": "stdout",
     "output_type": "stream",
     "text": [
      "year\n"
     ]
    }
   ],
   "source": [
    "print(gensimEmbeddings[3][0])"
   ]
  },
  {
   "cell_type": "code",
   "execution_count": 5,
   "metadata": {},
   "outputs": [
    {
     "name": "stdout",
     "output_type": "stream",
     "text": [
      "one\n",
      "take\n"
     ]
    }
   ],
   "source": [
    "print(gloveEmbeddings[3][0])\n",
    "print(fasTextEmbeddings[9][0])"
   ]
  },
  {
   "cell_type": "markdown",
   "metadata": {},
   "source": [
    "Get the voabulary"
   ]
  },
  {
   "cell_type": "code",
   "execution_count": 6,
   "metadata": {},
   "outputs": [],
   "source": [
    "def getVocabEmbeddings(embeddings) :\n",
    "    vocab=['']*len(embeddings)\n",
    "    for i in range(len(embeddings)):\n",
    "        #print(embeddings[i][0])\n",
    "        #print(type(embeddings[i][0]))\n",
    "        mot=embeddings[i][0]\n",
    "        #print(mot)\n",
    "        #print(type(mot))\n",
    "        vocab[i]= mot\n",
    "        #print(vocab[i])\n",
    "        \n",
    "    return vocab"
   ]
  },
  {
   "cell_type": "code",
   "execution_count": 7,
   "metadata": {},
   "outputs": [],
   "source": [
    "vocabglove=getVocabEmbeddings(gloveEmbeddings)"
   ]
  },
  {
   "cell_type": "code",
   "execution_count": 9,
   "metadata": {},
   "outputs": [],
   "source": [
    "vocabgensim=getVocabEmbeddings(gensimEmbeddings)\n",
    "vocabfastext=getVocabEmbeddings(fasTextEmbeddings)"
   ]
  },
  {
   "cell_type": "code",
   "execution_count": 10,
   "metadata": {},
   "outputs": [
    {
     "name": "stdout",
     "output_type": "stream",
     "text": [
      "say\n",
      "year\n",
      "would\n",
      "one\n",
      "two\n",
      "make\n",
      "percent\n",
      "also\n",
      "people\n",
      "last\n",
      "*******\n",
      "<\n",
      "say\n",
      "year\n",
      "one\n",
      "also\n",
      "would\n",
      "two\n",
      "make\n",
      "first\n",
      "take\n"
     ]
    }
   ],
   "source": [
    "for i in range(10):\n",
    "    print(vocabglove[i])\n",
    "print(\"*******\")   \n",
    "for i in range(10):\n",
    "    print(vocabfastext[i])"
   ]
  },
  {
   "cell_type": "markdown",
   "metadata": {},
   "source": [
    "Get embeddings from Pubmed5"
   ]
  },
  {
   "cell_type": "code",
   "execution_count": 11,
   "metadata": {},
   "outputs": [
    {
     "name": "stdout",
     "output_type": "stream",
     "text": [
      "1517 1549 3283 3704 2597\n"
     ]
    }
   ],
   "source": [
    "from scipy.io.matlab import mio\n",
    "import pandas as pd\n",
    "from nltk.corpus import stopwords\n",
    "from nltk.tokenize import word_tokenize\n",
    "#Récupérer le nombre d'abstract pour les 5 documents\n",
    "label = mio.loadmat(\"../../../../data/PubMed10/label.mat\")\n",
    "# Define the classes to be selected\n",
    "# For PubMed5: \n",
    "#  (6) Hay Fever --> nDoc = 1517\n",
    "#  (7) Kidney Calculi --> nDoc = 1549\n",
    "#  (8) Age-related Macular Degeneration --> nDoc = 3283\n",
    "#  (9) Migraine --> nDoc = 3704\n",
    "# (10) Otitis --> nDoc = 2597\n",
    "abstractDocHayFever = label.get(\"size6\")[0][0]\n",
    "abstractDocKidneyCalculi = label.get(\"size7\")[0][0]\n",
    "abstractDocAMD = label.get(\"size8\")[0][0]\n",
    "abstractDocMigraine = label.get(\"size9\")[0][0] + 1 #Le label est 3703 alors qu'en vrai c'est 3704\n",
    "abstractDocOtitis = label.get(\"size10\")[0][0] + 1\n",
    "\n",
    "print(abstractDocHayFever, abstractDocKidneyCalculi, abstractDocAMD, abstractDocMigraine, abstractDocOtitis)"
   ]
  },
  {
   "cell_type": "code",
   "execution_count": 45,
   "metadata": {},
   "outputs": [],
   "source": [
    "#Devide Document to abstracts\n",
    "# import these modules \n",
    "#from nltk.stem import PorterStemmer \n",
    "from nltk.stem import WordNetLemmatizer \n",
    "  \n",
    "def corpus(pathfile,numberAbs):\n",
    "    with open(pathfile,errors='ignore') as doc:\n",
    "        lines = doc.readlines()\n",
    "    # Itérer sur les lignes\n",
    "    #il faudrait créer un vecteur de documents\n",
    "    \n",
    "    i=0\n",
    "    listcorpus=[\"\"]*numberAbs\n",
    "    for line in lines:\n",
    "        if (line.find('PMID') == -1):\n",
    "            listcorpus[i]= listcorpus[i] +line + \" \"\n",
    "        else:\n",
    "            #listChickpox[i]= listChickpox[i] + line + \" \"\n",
    "            i+= 1\n",
    "            \n",
    "    return listcorpus\n",
    "\n",
    "#tockenize each abstract and clean it \n",
    "def cleanAbstracts(listAbs):    \n",
    "    \n",
    "    listcorpus=[[]]*len(listAbs)\n",
    "    stop = set(stopwords.words('english'))\n",
    "    stop.update(['.', ',', '\"', \"'\", '?', '!', ':', ';', '(', ')', '[', ']', '{', '}','%','#','-','_']) \n",
    "    for i in range(len(listAbs)):\n",
    "        tokens = word_tokenize(listAbs[i])\n",
    "        tokens = [w for w in tokens if not w in stop]\n",
    "        listcorpus[i]=tokens\n",
    "    #Stemming of words [Voc_ext]->[Voc] to match the words from the output of the co-clust\n",
    "    #ps =PorterStemmer()\n",
    "    #lemmatizer = WordNetLemmatizer()\n",
    "    for i in range(len(listAbs)):\n",
    "       # listcorpus[i] = [ps.stem(w) for w in listcorpus[i]]\n",
    "       # listcorpus[i] = [lemmatizer.lemmatize(w) for w in listcorpus[i]]\n",
    "        listcorpus[i]=[w.lower() for w in listcorpus[i]]\n",
    "\n",
    "    return listcorpus"
   ]
  },
  {
   "cell_type": "code",
   "execution_count": 46,
   "metadata": {
    "scrolled": true
   },
   "outputs": [
    {
     "name": "stderr",
     "output_type": "stream",
     "text": [
      "[nltk_data] Downloading package wordnet to C:\\nltk_data...\n",
      "[nltk_data]   Package wordnet is already up-to-date!\n"
     ]
    },
    {
     "data": {
      "text/plain": [
       "True"
      ]
     },
     "execution_count": 46,
     "metadata": {},
     "output_type": "execute_result"
    }
   ],
   "source": [
    "# If wordnet is not downloaded\n",
    "import nltk\n",
    "nltk.download('wordnet')"
   ]
  },
  {
   "cell_type": "code",
   "execution_count": 47,
   "metadata": {},
   "outputs": [],
   "source": [
    "#### Build a corpus as a list of list to use as an input for Word2Vec\n",
    "listabsHayFever=corpus(\"../../../../data/PubMed10/pubmed_result_hayfever.txt\",abstractDocHayFever)\n",
    "corpusHayFever=cleanAbstracts(listabsHayFever)\n",
    "\n",
    "listabsKidneyCalculi=corpus(\"../../../../data/PubMed10/pubmed_result_kidneycalculi.txt\",abstractDocKidneyCalculi)\n",
    "corpusKidneyCalculi=cleanAbstracts(listabsKidneyCalculi)\n",
    "\n",
    "listabsAMD=corpus(\"../../../../data/PubMed10/pubmed_result_macular.txt\",abstractDocAMD)\n",
    "corpusAMD=cleanAbstracts(listabsAMD)\n",
    "\n",
    "listabsMigraine=corpus(\"../../../../data/PubMed10/pubmed_result_migraine.txt\",abstractDocMigraine)\n",
    "corpusMigraine=cleanAbstracts(listabsMigraine)\n",
    "\n",
    "listabsOtitis=corpus(\"../../../../data/PubMed10/pubmed_result_otitis.txt\",abstractDocOtitis)\n",
    "corpusOtitis=cleanAbstracts(listabsOtitis)\n",
    "\n",
    "corpusPubMed5=corpusHayFever+corpusKidneyCalculi+corpusMigraine+corpusOtitis+corpusHayFever"
   ]
  },
  {
   "cell_type": "code",
   "execution_count": 48,
   "metadata": {},
   "outputs": [],
   "source": [
    "from gensim.models import Word2Vec\n",
    "\n",
    "model = Word2Vec(corpusPubMed5, size=300, window=20, min_count=1, workers=4)\n",
    "n_top = 20\n",
    "words = list(sorted(model.wv.vocab))\n",
    "#Get the n_top most frequent words\n",
    "topterms = model.wv.index2entity[:n_top]"
   ]
  },
  {
   "cell_type": "markdown",
   "metadata": {},
   "source": [
    "Compute the cosine Similarity"
   ]
  },
  {
   "cell_type": "code",
   "execution_count": 5,
   "metadata": {},
   "outputs": [
    {
     "name": "stdout",
     "output_type": "stream",
     "text": [
      "True\n"
     ]
    }
   ],
   "source": [
    "print('macular' in model.wv.vocab)"
   ]
  },
  {
   "cell_type": "code",
   "execution_count": 8,
   "metadata": {},
   "outputs": [
    {
     "name": "stdout",
     "output_type": "stream",
     "text": [
      "['macular', 'ey', 'visual', 'acuiti', 'treatment', 'retin', 'month', 'improv', 'diabet', 'edema', 'intravitr', 'neovascular', 'signif', 'thick', 'inject', 'choroid', 'measur', 'laser', 'outcom', 'chang']\n",
      "['macular', 'ey', 'visual', 'acuities', 'treatment', 'retin', 'month', 'improv', 'diabet', 'edema', 'intravitreal', 'neovascular', 'signif', 'thick', 'inject', 'choroid', 'measur', 'laser', 'outcome', 'chang']\n",
      "['macular', 'ey', 'visual', 'acuities', 'treatment', 'retin', 'month', 'improv', 'diabet', 'edema', 'intravitreal', 'neovascular', 'signif', 'thick', 'inject', 'choroid', 'measur', 'laser', 'outcome', 'chang']\n"
     ]
    }
   ],
   "source": [
    "import csv\n",
    "import pandas as pd\n",
    "cr = csv.reader(open(\"top_terms3.csv\",\"r\"))\n",
    "for row in cr:\n",
    "    topterms=row\n",
    "    break\n",
    "print(topterms)\n",
    "newtopterms=['']*len(topterms)\n",
    "vocabPub5=list(model.wv.vocab)\n",
    "i=0\n",
    "for w in topterms:\n",
    "    if (w not in vocabPub5):\n",
    "         for v in vocabPub5:\n",
    "            if ((w in v)and (w[0]==v[0]) and (w[1]==v[1])):\n",
    "                newtopterms[i]=v\n",
    "                #print(newtopterms[i])\n",
    "                break\n",
    "\n",
    "    else:\n",
    "        newtopterms[i]=w\n",
    "        #print(newtopterms[i])\n",
    "        \n",
    "    i=i+1\n",
    "        \n",
    "print(newtopterms) \n",
    "for w in newtopterms:\n",
    "    if (w==''):\n",
    "        newtopterms.remove(w)\n",
    "        \n",
    "print(newtopterms)\n",
    "rows = []\n",
    "\n",
    "for w in newtopterms:\n",
    "    for ww in newtopterms:\n",
    "        if(w == ww): rows.append(dict(w1=w, w2=ww, d= 0))\n",
    "        else :\n",
    "            rows.append(dict(w1=w, w2=ww, d=model.wv.similarity(w, ww)))\n",
    "#Compute the cosin similarity matrix \n",
    "cosinPubMed5 = pd.DataFrame(rows).pivot(\"w1\", \"w2\", \"d\")"
   ]
  },
  {
   "cell_type": "code",
   "execution_count": 9,
   "metadata": {},
   "outputs": [
    {
     "data": {
      "text/html": [
       "<div>\n",
       "<style scoped>\n",
       "    .dataframe tbody tr th:only-of-type {\n",
       "        vertical-align: middle;\n",
       "    }\n",
       "\n",
       "    .dataframe tbody tr th {\n",
       "        vertical-align: top;\n",
       "    }\n",
       "\n",
       "    .dataframe thead th {\n",
       "        text-align: right;\n",
       "    }\n",
       "</style>\n",
       "<table border=\"1\" class=\"dataframe\">\n",
       "  <thead>\n",
       "    <tr style=\"text-align: right;\">\n",
       "      <th>w2</th>\n",
       "      <th>acuities</th>\n",
       "      <th>chang</th>\n",
       "      <th>choroid</th>\n",
       "      <th>diabet</th>\n",
       "      <th>edema</th>\n",
       "      <th>ey</th>\n",
       "      <th>improv</th>\n",
       "      <th>inject</th>\n",
       "      <th>intravitreal</th>\n",
       "      <th>laser</th>\n",
       "      <th>macular</th>\n",
       "      <th>measur</th>\n",
       "      <th>month</th>\n",
       "      <th>neovascular</th>\n",
       "      <th>outcome</th>\n",
       "      <th>retin</th>\n",
       "      <th>signif</th>\n",
       "      <th>thick</th>\n",
       "      <th>treatment</th>\n",
       "      <th>visual</th>\n",
       "    </tr>\n",
       "    <tr>\n",
       "      <th>w1</th>\n",
       "      <th></th>\n",
       "      <th></th>\n",
       "      <th></th>\n",
       "      <th></th>\n",
       "      <th></th>\n",
       "      <th></th>\n",
       "      <th></th>\n",
       "      <th></th>\n",
       "      <th></th>\n",
       "      <th></th>\n",
       "      <th></th>\n",
       "      <th></th>\n",
       "      <th></th>\n",
       "      <th></th>\n",
       "      <th></th>\n",
       "      <th></th>\n",
       "      <th></th>\n",
       "      <th></th>\n",
       "      <th></th>\n",
       "      <th></th>\n",
       "    </tr>\n",
       "  </thead>\n",
       "  <tbody>\n",
       "    <tr>\n",
       "      <th>acuities</th>\n",
       "      <td>0.000000</td>\n",
       "      <td>-0.047123</td>\n",
       "      <td>0.199234</td>\n",
       "      <td>0.018313</td>\n",
       "      <td>0.261905</td>\n",
       "      <td>0.055842</td>\n",
       "      <td>0.003791</td>\n",
       "      <td>-0.076786</td>\n",
       "      <td>0.359375</td>\n",
       "      <td>0.223546</td>\n",
       "      <td>0.483377</td>\n",
       "      <td>0.061927</td>\n",
       "      <td>0.183523</td>\n",
       "      <td>0.406472</td>\n",
       "      <td>0.227648</td>\n",
       "      <td>0.179880</td>\n",
       "      <td>0.067001</td>\n",
       "      <td>0.029819</td>\n",
       "      <td>0.062686</td>\n",
       "      <td>0.604216</td>\n",
       "    </tr>\n",
       "    <tr>\n",
       "      <th>chang</th>\n",
       "      <td>-0.047123</td>\n",
       "      <td>0.000000</td>\n",
       "      <td>-0.021281</td>\n",
       "      <td>0.085507</td>\n",
       "      <td>0.014863</td>\n",
       "      <td>0.393517</td>\n",
       "      <td>0.052807</td>\n",
       "      <td>-0.039620</td>\n",
       "      <td>-0.094742</td>\n",
       "      <td>0.020726</td>\n",
       "      <td>-0.001564</td>\n",
       "      <td>0.263061</td>\n",
       "      <td>-0.058329</td>\n",
       "      <td>-0.010415</td>\n",
       "      <td>-0.076189</td>\n",
       "      <td>0.148914</td>\n",
       "      <td>0.037450</td>\n",
       "      <td>0.077737</td>\n",
       "      <td>-0.084102</td>\n",
       "      <td>-0.046251</td>\n",
       "    </tr>\n",
       "    <tr>\n",
       "      <th>choroid</th>\n",
       "      <td>0.199234</td>\n",
       "      <td>-0.021281</td>\n",
       "      <td>0.000000</td>\n",
       "      <td>-0.071812</td>\n",
       "      <td>0.299471</td>\n",
       "      <td>0.109714</td>\n",
       "      <td>-0.004576</td>\n",
       "      <td>0.121064</td>\n",
       "      <td>0.236439</td>\n",
       "      <td>0.103603</td>\n",
       "      <td>0.336630</td>\n",
       "      <td>-0.055143</td>\n",
       "      <td>0.010994</td>\n",
       "      <td>0.352131</td>\n",
       "      <td>-0.005940</td>\n",
       "      <td>0.177850</td>\n",
       "      <td>-0.067099</td>\n",
       "      <td>0.181295</td>\n",
       "      <td>0.007071</td>\n",
       "      <td>0.139376</td>\n",
       "    </tr>\n",
       "    <tr>\n",
       "      <th>diabet</th>\n",
       "      <td>0.018313</td>\n",
       "      <td>0.085507</td>\n",
       "      <td>-0.071812</td>\n",
       "      <td>0.000000</td>\n",
       "      <td>0.114955</td>\n",
       "      <td>0.091207</td>\n",
       "      <td>-0.037205</td>\n",
       "      <td>0.041270</td>\n",
       "      <td>0.051890</td>\n",
       "      <td>0.020223</td>\n",
       "      <td>0.079510</td>\n",
       "      <td>0.091817</td>\n",
       "      <td>0.162006</td>\n",
       "      <td>0.075688</td>\n",
       "      <td>0.157376</td>\n",
       "      <td>0.038502</td>\n",
       "      <td>0.278627</td>\n",
       "      <td>0.030821</td>\n",
       "      <td>0.141286</td>\n",
       "      <td>-0.054333</td>\n",
       "    </tr>\n",
       "    <tr>\n",
       "      <th>edema</th>\n",
       "      <td>0.261905</td>\n",
       "      <td>0.014863</td>\n",
       "      <td>0.299471</td>\n",
       "      <td>0.114955</td>\n",
       "      <td>0.000000</td>\n",
       "      <td>-0.004512</td>\n",
       "      <td>0.006647</td>\n",
       "      <td>0.006474</td>\n",
       "      <td>0.391232</td>\n",
       "      <td>0.099408</td>\n",
       "      <td>0.523519</td>\n",
       "      <td>-0.070224</td>\n",
       "      <td>0.055749</td>\n",
       "      <td>0.441151</td>\n",
       "      <td>0.084265</td>\n",
       "      <td>0.234989</td>\n",
       "      <td>0.021103</td>\n",
       "      <td>0.158694</td>\n",
       "      <td>0.106351</td>\n",
       "      <td>0.234545</td>\n",
       "    </tr>\n",
       "    <tr>\n",
       "      <th>ey</th>\n",
       "      <td>0.055842</td>\n",
       "      <td>0.393517</td>\n",
       "      <td>0.109714</td>\n",
       "      <td>0.091207</td>\n",
       "      <td>-0.004512</td>\n",
       "      <td>0.000000</td>\n",
       "      <td>0.044032</td>\n",
       "      <td>0.058441</td>\n",
       "      <td>0.027172</td>\n",
       "      <td>0.082687</td>\n",
       "      <td>0.111958</td>\n",
       "      <td>0.155495</td>\n",
       "      <td>-0.054561</td>\n",
       "      <td>0.050479</td>\n",
       "      <td>0.031301</td>\n",
       "      <td>0.067302</td>\n",
       "      <td>0.112497</td>\n",
       "      <td>0.114576</td>\n",
       "      <td>-0.048626</td>\n",
       "      <td>0.098852</td>\n",
       "    </tr>\n",
       "    <tr>\n",
       "      <th>improv</th>\n",
       "      <td>0.003791</td>\n",
       "      <td>0.052807</td>\n",
       "      <td>-0.004576</td>\n",
       "      <td>-0.037205</td>\n",
       "      <td>0.006647</td>\n",
       "      <td>0.044032</td>\n",
       "      <td>0.000000</td>\n",
       "      <td>0.011868</td>\n",
       "      <td>0.004283</td>\n",
       "      <td>0.001276</td>\n",
       "      <td>-0.001150</td>\n",
       "      <td>0.228476</td>\n",
       "      <td>-0.009515</td>\n",
       "      <td>0.028849</td>\n",
       "      <td>-0.059784</td>\n",
       "      <td>0.057731</td>\n",
       "      <td>-0.088074</td>\n",
       "      <td>-0.009277</td>\n",
       "      <td>-0.069159</td>\n",
       "      <td>0.039644</td>\n",
       "    </tr>\n",
       "    <tr>\n",
       "      <th>inject</th>\n",
       "      <td>-0.076786</td>\n",
       "      <td>-0.039620</td>\n",
       "      <td>0.121064</td>\n",
       "      <td>0.041270</td>\n",
       "      <td>0.006474</td>\n",
       "      <td>0.058441</td>\n",
       "      <td>0.011868</td>\n",
       "      <td>0.000000</td>\n",
       "      <td>0.188322</td>\n",
       "      <td>0.156282</td>\n",
       "      <td>-0.005571</td>\n",
       "      <td>0.036446</td>\n",
       "      <td>0.002964</td>\n",
       "      <td>0.009665</td>\n",
       "      <td>-0.090403</td>\n",
       "      <td>-0.053877</td>\n",
       "      <td>-0.065644</td>\n",
       "      <td>0.063603</td>\n",
       "      <td>0.066616</td>\n",
       "      <td>-0.084133</td>\n",
       "    </tr>\n",
       "    <tr>\n",
       "      <th>intravitreal</th>\n",
       "      <td>0.359375</td>\n",
       "      <td>-0.094742</td>\n",
       "      <td>0.236439</td>\n",
       "      <td>0.051890</td>\n",
       "      <td>0.391232</td>\n",
       "      <td>0.027172</td>\n",
       "      <td>0.004283</td>\n",
       "      <td>0.188322</td>\n",
       "      <td>0.000000</td>\n",
       "      <td>0.319828</td>\n",
       "      <td>0.573501</td>\n",
       "      <td>0.004065</td>\n",
       "      <td>0.154867</td>\n",
       "      <td>0.582788</td>\n",
       "      <td>0.156631</td>\n",
       "      <td>0.141660</td>\n",
       "      <td>0.020338</td>\n",
       "      <td>0.042315</td>\n",
       "      <td>0.276724</td>\n",
       "      <td>0.211830</td>\n",
       "    </tr>\n",
       "    <tr>\n",
       "      <th>laser</th>\n",
       "      <td>0.223546</td>\n",
       "      <td>0.020726</td>\n",
       "      <td>0.103603</td>\n",
       "      <td>0.020223</td>\n",
       "      <td>0.099408</td>\n",
       "      <td>0.082687</td>\n",
       "      <td>0.001276</td>\n",
       "      <td>0.156282</td>\n",
       "      <td>0.319828</td>\n",
       "      <td>0.000000</td>\n",
       "      <td>0.249759</td>\n",
       "      <td>0.085056</td>\n",
       "      <td>0.096421</td>\n",
       "      <td>0.255331</td>\n",
       "      <td>0.070554</td>\n",
       "      <td>0.054103</td>\n",
       "      <td>0.173538</td>\n",
       "      <td>0.179881</td>\n",
       "      <td>0.138621</td>\n",
       "      <td>0.207055</td>\n",
       "    </tr>\n",
       "    <tr>\n",
       "      <th>macular</th>\n",
       "      <td>0.483377</td>\n",
       "      <td>-0.001564</td>\n",
       "      <td>0.336630</td>\n",
       "      <td>0.079510</td>\n",
       "      <td>0.523519</td>\n",
       "      <td>0.111958</td>\n",
       "      <td>-0.001150</td>\n",
       "      <td>-0.005571</td>\n",
       "      <td>0.573501</td>\n",
       "      <td>0.249759</td>\n",
       "      <td>0.000000</td>\n",
       "      <td>0.029432</td>\n",
       "      <td>0.069536</td>\n",
       "      <td>0.834677</td>\n",
       "      <td>0.083447</td>\n",
       "      <td>0.191436</td>\n",
       "      <td>0.045431</td>\n",
       "      <td>0.124212</td>\n",
       "      <td>0.050978</td>\n",
       "      <td>0.403830</td>\n",
       "    </tr>\n",
       "    <tr>\n",
       "      <th>measur</th>\n",
       "      <td>0.061927</td>\n",
       "      <td>0.263061</td>\n",
       "      <td>-0.055143</td>\n",
       "      <td>0.091817</td>\n",
       "      <td>-0.070224</td>\n",
       "      <td>0.155495</td>\n",
       "      <td>0.228476</td>\n",
       "      <td>0.036446</td>\n",
       "      <td>0.004065</td>\n",
       "      <td>0.085056</td>\n",
       "      <td>0.029432</td>\n",
       "      <td>0.000000</td>\n",
       "      <td>-0.052141</td>\n",
       "      <td>0.021858</td>\n",
       "      <td>-0.081603</td>\n",
       "      <td>-0.005635</td>\n",
       "      <td>-0.066381</td>\n",
       "      <td>-0.046356</td>\n",
       "      <td>-0.084775</td>\n",
       "      <td>0.102955</td>\n",
       "    </tr>\n",
       "    <tr>\n",
       "      <th>month</th>\n",
       "      <td>0.183523</td>\n",
       "      <td>-0.058329</td>\n",
       "      <td>0.010994</td>\n",
       "      <td>0.162006</td>\n",
       "      <td>0.055749</td>\n",
       "      <td>-0.054561</td>\n",
       "      <td>-0.009515</td>\n",
       "      <td>0.002964</td>\n",
       "      <td>0.154867</td>\n",
       "      <td>0.096421</td>\n",
       "      <td>0.069536</td>\n",
       "      <td>-0.052141</td>\n",
       "      <td>0.000000</td>\n",
       "      <td>0.072164</td>\n",
       "      <td>0.234846</td>\n",
       "      <td>0.096725</td>\n",
       "      <td>0.121220</td>\n",
       "      <td>0.055133</td>\n",
       "      <td>0.313989</td>\n",
       "      <td>0.066677</td>\n",
       "    </tr>\n",
       "    <tr>\n",
       "      <th>neovascular</th>\n",
       "      <td>0.406472</td>\n",
       "      <td>-0.010415</td>\n",
       "      <td>0.352131</td>\n",
       "      <td>0.075688</td>\n",
       "      <td>0.441151</td>\n",
       "      <td>0.050479</td>\n",
       "      <td>0.028849</td>\n",
       "      <td>0.009665</td>\n",
       "      <td>0.582788</td>\n",
       "      <td>0.255331</td>\n",
       "      <td>0.834677</td>\n",
       "      <td>0.021858</td>\n",
       "      <td>0.072164</td>\n",
       "      <td>0.000000</td>\n",
       "      <td>0.126800</td>\n",
       "      <td>0.122850</td>\n",
       "      <td>0.029186</td>\n",
       "      <td>0.109685</td>\n",
       "      <td>0.109881</td>\n",
       "      <td>0.326027</td>\n",
       "    </tr>\n",
       "    <tr>\n",
       "      <th>outcome</th>\n",
       "      <td>0.227648</td>\n",
       "      <td>-0.076189</td>\n",
       "      <td>-0.005940</td>\n",
       "      <td>0.157376</td>\n",
       "      <td>0.084265</td>\n",
       "      <td>0.031301</td>\n",
       "      <td>-0.059784</td>\n",
       "      <td>-0.090403</td>\n",
       "      <td>0.156631</td>\n",
       "      <td>0.070554</td>\n",
       "      <td>0.083447</td>\n",
       "      <td>-0.081603</td>\n",
       "      <td>0.234846</td>\n",
       "      <td>0.126800</td>\n",
       "      <td>0.000000</td>\n",
       "      <td>-0.060445</td>\n",
       "      <td>0.173761</td>\n",
       "      <td>-0.031663</td>\n",
       "      <td>0.384881</td>\n",
       "      <td>0.206507</td>\n",
       "    </tr>\n",
       "    <tr>\n",
       "      <th>retin</th>\n",
       "      <td>0.179880</td>\n",
       "      <td>0.148914</td>\n",
       "      <td>0.177850</td>\n",
       "      <td>0.038502</td>\n",
       "      <td>0.234989</td>\n",
       "      <td>0.067302</td>\n",
       "      <td>0.057731</td>\n",
       "      <td>-0.053877</td>\n",
       "      <td>0.141660</td>\n",
       "      <td>0.054103</td>\n",
       "      <td>0.191436</td>\n",
       "      <td>-0.005635</td>\n",
       "      <td>0.096725</td>\n",
       "      <td>0.122850</td>\n",
       "      <td>-0.060445</td>\n",
       "      <td>0.000000</td>\n",
       "      <td>0.116178</td>\n",
       "      <td>0.039261</td>\n",
       "      <td>0.082415</td>\n",
       "      <td>0.082327</td>\n",
       "    </tr>\n",
       "    <tr>\n",
       "      <th>signif</th>\n",
       "      <td>0.067001</td>\n",
       "      <td>0.037450</td>\n",
       "      <td>-0.067099</td>\n",
       "      <td>0.278627</td>\n",
       "      <td>0.021103</td>\n",
       "      <td>0.112497</td>\n",
       "      <td>-0.088074</td>\n",
       "      <td>-0.065644</td>\n",
       "      <td>0.020338</td>\n",
       "      <td>0.173538</td>\n",
       "      <td>0.045431</td>\n",
       "      <td>-0.066381</td>\n",
       "      <td>0.121220</td>\n",
       "      <td>0.029186</td>\n",
       "      <td>0.173761</td>\n",
       "      <td>0.116178</td>\n",
       "      <td>0.000000</td>\n",
       "      <td>-0.001562</td>\n",
       "      <td>0.149369</td>\n",
       "      <td>0.053840</td>\n",
       "    </tr>\n",
       "    <tr>\n",
       "      <th>thick</th>\n",
       "      <td>0.029819</td>\n",
       "      <td>0.077737</td>\n",
       "      <td>0.181295</td>\n",
       "      <td>0.030821</td>\n",
       "      <td>0.158694</td>\n",
       "      <td>0.114576</td>\n",
       "      <td>-0.009277</td>\n",
       "      <td>0.063603</td>\n",
       "      <td>0.042315</td>\n",
       "      <td>0.179881</td>\n",
       "      <td>0.124212</td>\n",
       "      <td>-0.046356</td>\n",
       "      <td>0.055133</td>\n",
       "      <td>0.109685</td>\n",
       "      <td>-0.031663</td>\n",
       "      <td>0.039261</td>\n",
       "      <td>-0.001562</td>\n",
       "      <td>0.000000</td>\n",
       "      <td>-0.051378</td>\n",
       "      <td>0.078159</td>\n",
       "    </tr>\n",
       "    <tr>\n",
       "      <th>treatment</th>\n",
       "      <td>0.062686</td>\n",
       "      <td>-0.084102</td>\n",
       "      <td>0.007071</td>\n",
       "      <td>0.141286</td>\n",
       "      <td>0.106351</td>\n",
       "      <td>-0.048626</td>\n",
       "      <td>-0.069159</td>\n",
       "      <td>0.066616</td>\n",
       "      <td>0.276724</td>\n",
       "      <td>0.138621</td>\n",
       "      <td>0.050978</td>\n",
       "      <td>-0.084775</td>\n",
       "      <td>0.313989</td>\n",
       "      <td>0.109881</td>\n",
       "      <td>0.384881</td>\n",
       "      <td>0.082415</td>\n",
       "      <td>0.149369</td>\n",
       "      <td>-0.051378</td>\n",
       "      <td>0.000000</td>\n",
       "      <td>0.027391</td>\n",
       "    </tr>\n",
       "    <tr>\n",
       "      <th>visual</th>\n",
       "      <td>0.604216</td>\n",
       "      <td>-0.046251</td>\n",
       "      <td>0.139376</td>\n",
       "      <td>-0.054333</td>\n",
       "      <td>0.234545</td>\n",
       "      <td>0.098852</td>\n",
       "      <td>0.039644</td>\n",
       "      <td>-0.084133</td>\n",
       "      <td>0.211830</td>\n",
       "      <td>0.207055</td>\n",
       "      <td>0.403830</td>\n",
       "      <td>0.102955</td>\n",
       "      <td>0.066677</td>\n",
       "      <td>0.326027</td>\n",
       "      <td>0.206507</td>\n",
       "      <td>0.082327</td>\n",
       "      <td>0.053840</td>\n",
       "      <td>0.078159</td>\n",
       "      <td>0.027391</td>\n",
       "      <td>0.000000</td>\n",
       "    </tr>\n",
       "  </tbody>\n",
       "</table>\n",
       "</div>"
      ],
      "text/plain": [
       "w2            acuities     chang   choroid    diabet     edema        ey  \\\n",
       "w1                                                                         \n",
       "acuities      0.000000 -0.047123  0.199234  0.018313  0.261905  0.055842   \n",
       "chang        -0.047123  0.000000 -0.021281  0.085507  0.014863  0.393517   \n",
       "choroid       0.199234 -0.021281  0.000000 -0.071812  0.299471  0.109714   \n",
       "diabet        0.018313  0.085507 -0.071812  0.000000  0.114955  0.091207   \n",
       "edema         0.261905  0.014863  0.299471  0.114955  0.000000 -0.004512   \n",
       "ey            0.055842  0.393517  0.109714  0.091207 -0.004512  0.000000   \n",
       "improv        0.003791  0.052807 -0.004576 -0.037205  0.006647  0.044032   \n",
       "inject       -0.076786 -0.039620  0.121064  0.041270  0.006474  0.058441   \n",
       "intravitreal  0.359375 -0.094742  0.236439  0.051890  0.391232  0.027172   \n",
       "laser         0.223546  0.020726  0.103603  0.020223  0.099408  0.082687   \n",
       "macular       0.483377 -0.001564  0.336630  0.079510  0.523519  0.111958   \n",
       "measur        0.061927  0.263061 -0.055143  0.091817 -0.070224  0.155495   \n",
       "month         0.183523 -0.058329  0.010994  0.162006  0.055749 -0.054561   \n",
       "neovascular   0.406472 -0.010415  0.352131  0.075688  0.441151  0.050479   \n",
       "outcome       0.227648 -0.076189 -0.005940  0.157376  0.084265  0.031301   \n",
       "retin         0.179880  0.148914  0.177850  0.038502  0.234989  0.067302   \n",
       "signif        0.067001  0.037450 -0.067099  0.278627  0.021103  0.112497   \n",
       "thick         0.029819  0.077737  0.181295  0.030821  0.158694  0.114576   \n",
       "treatment     0.062686 -0.084102  0.007071  0.141286  0.106351 -0.048626   \n",
       "visual        0.604216 -0.046251  0.139376 -0.054333  0.234545  0.098852   \n",
       "\n",
       "w2              improv    inject  intravitreal     laser   macular    measur  \\\n",
       "w1                                                                             \n",
       "acuities      0.003791 -0.076786      0.359375  0.223546  0.483377  0.061927   \n",
       "chang         0.052807 -0.039620     -0.094742  0.020726 -0.001564  0.263061   \n",
       "choroid      -0.004576  0.121064      0.236439  0.103603  0.336630 -0.055143   \n",
       "diabet       -0.037205  0.041270      0.051890  0.020223  0.079510  0.091817   \n",
       "edema         0.006647  0.006474      0.391232  0.099408  0.523519 -0.070224   \n",
       "ey            0.044032  0.058441      0.027172  0.082687  0.111958  0.155495   \n",
       "improv        0.000000  0.011868      0.004283  0.001276 -0.001150  0.228476   \n",
       "inject        0.011868  0.000000      0.188322  0.156282 -0.005571  0.036446   \n",
       "intravitreal  0.004283  0.188322      0.000000  0.319828  0.573501  0.004065   \n",
       "laser         0.001276  0.156282      0.319828  0.000000  0.249759  0.085056   \n",
       "macular      -0.001150 -0.005571      0.573501  0.249759  0.000000  0.029432   \n",
       "measur        0.228476  0.036446      0.004065  0.085056  0.029432  0.000000   \n",
       "month        -0.009515  0.002964      0.154867  0.096421  0.069536 -0.052141   \n",
       "neovascular   0.028849  0.009665      0.582788  0.255331  0.834677  0.021858   \n",
       "outcome      -0.059784 -0.090403      0.156631  0.070554  0.083447 -0.081603   \n",
       "retin         0.057731 -0.053877      0.141660  0.054103  0.191436 -0.005635   \n",
       "signif       -0.088074 -0.065644      0.020338  0.173538  0.045431 -0.066381   \n",
       "thick        -0.009277  0.063603      0.042315  0.179881  0.124212 -0.046356   \n",
       "treatment    -0.069159  0.066616      0.276724  0.138621  0.050978 -0.084775   \n",
       "visual        0.039644 -0.084133      0.211830  0.207055  0.403830  0.102955   \n",
       "\n",
       "w2               month  neovascular   outcome     retin    signif     thick  \\\n",
       "w1                                                                            \n",
       "acuities      0.183523     0.406472  0.227648  0.179880  0.067001  0.029819   \n",
       "chang        -0.058329    -0.010415 -0.076189  0.148914  0.037450  0.077737   \n",
       "choroid       0.010994     0.352131 -0.005940  0.177850 -0.067099  0.181295   \n",
       "diabet        0.162006     0.075688  0.157376  0.038502  0.278627  0.030821   \n",
       "edema         0.055749     0.441151  0.084265  0.234989  0.021103  0.158694   \n",
       "ey           -0.054561     0.050479  0.031301  0.067302  0.112497  0.114576   \n",
       "improv       -0.009515     0.028849 -0.059784  0.057731 -0.088074 -0.009277   \n",
       "inject        0.002964     0.009665 -0.090403 -0.053877 -0.065644  0.063603   \n",
       "intravitreal  0.154867     0.582788  0.156631  0.141660  0.020338  0.042315   \n",
       "laser         0.096421     0.255331  0.070554  0.054103  0.173538  0.179881   \n",
       "macular       0.069536     0.834677  0.083447  0.191436  0.045431  0.124212   \n",
       "measur       -0.052141     0.021858 -0.081603 -0.005635 -0.066381 -0.046356   \n",
       "month         0.000000     0.072164  0.234846  0.096725  0.121220  0.055133   \n",
       "neovascular   0.072164     0.000000  0.126800  0.122850  0.029186  0.109685   \n",
       "outcome       0.234846     0.126800  0.000000 -0.060445  0.173761 -0.031663   \n",
       "retin         0.096725     0.122850 -0.060445  0.000000  0.116178  0.039261   \n",
       "signif        0.121220     0.029186  0.173761  0.116178  0.000000 -0.001562   \n",
       "thick         0.055133     0.109685 -0.031663  0.039261 -0.001562  0.000000   \n",
       "treatment     0.313989     0.109881  0.384881  0.082415  0.149369 -0.051378   \n",
       "visual        0.066677     0.326027  0.206507  0.082327  0.053840  0.078159   \n",
       "\n",
       "w2            treatment    visual  \n",
       "w1                                 \n",
       "acuities       0.062686  0.604216  \n",
       "chang         -0.084102 -0.046251  \n",
       "choroid        0.007071  0.139376  \n",
       "diabet         0.141286 -0.054333  \n",
       "edema          0.106351  0.234545  \n",
       "ey            -0.048626  0.098852  \n",
       "improv        -0.069159  0.039644  \n",
       "inject         0.066616 -0.084133  \n",
       "intravitreal   0.276724  0.211830  \n",
       "laser          0.138621  0.207055  \n",
       "macular        0.050978  0.403830  \n",
       "measur        -0.084775  0.102955  \n",
       "month          0.313989  0.066677  \n",
       "neovascular    0.109881  0.326027  \n",
       "outcome        0.384881  0.206507  \n",
       "retin          0.082415  0.082327  \n",
       "signif         0.149369  0.053840  \n",
       "thick         -0.051378  0.078159  \n",
       "treatment      0.000000  0.027391  \n",
       "visual         0.027391  0.000000  "
      ]
     },
     "execution_count": 9,
     "metadata": {},
     "output_type": "execute_result"
    }
   ],
   "source": [
    "cosinPubMed5"
   ]
  },
  {
   "cell_type": "code",
   "execution_count": 54,
   "metadata": {},
   "outputs": [],
   "source": [
    "from sklearn.metrics.pairwise import cosine_similarity\n",
    "import numpy as np\n",
    "\n",
    "def computeCosine2Vec(v,w):\n",
    "    a = np.array(v)\n",
    "    b = np.array(w)\n",
    "    aa = a.reshape(1,len(v))\n",
    "    ba = b.reshape(1,len(v))\n",
    "    cosim = cosine_similarity(aa, ba)\n",
    "    return cosim[0][0]"
   ]
  },
  {
   "cell_type": "code",
   "execution_count": 55,
   "metadata": {},
   "outputs": [],
   "source": [
    "def getMatchingEmbedding(w,embeddings):\n",
    "    vect=['']\n",
    "    j=0\n",
    "    for emb in embeddings:\n",
    "        if(emb[0]==w)and(j==0):\n",
    "            #print(w)\n",
    "            vect=[emb[i] for i in range(1,len(emb)) ]\n",
    "            j=j+1\n",
    "            #print(vect[0])\n",
    "        if not (j==0): break\n",
    "    return vect"
   ]
  },
  {
   "cell_type": "code",
   "execution_count": 56,
   "metadata": {},
   "outputs": [],
   "source": [
    "import pandas as pd"
   ]
  },
  {
   "cell_type": "code",
   "execution_count": 57,
   "metadata": {},
   "outputs": [],
   "source": [
    "\n",
    "def computeCosineSimilarity(pathfile,vocab,embeddings):\n",
    "    cr = csv.reader(open(pathfile,\"r\"))\n",
    "    for row in cr:\n",
    "        topterms=row\n",
    "        break\n",
    "    newtopterms=['']*len(topterms)\n",
    "    i=0\n",
    "    for w in topterms:\n",
    "        if(w in vocab):\n",
    "            newtopterms[i]=w\n",
    "            i=i+1\n",
    "        if(w not in vocab):\n",
    "            for v in vocab:\n",
    "                if (w in v)and(w[0]==v[0]):\n",
    "                    newtopterms[i]=v\n",
    "                    i=i+1\n",
    "                    break\n",
    "        \n",
    "            \n",
    "\n",
    "    #probleme avec significantli moi je dis on le vire :3\n",
    "    #Compute the cosin similarity matrix     \n",
    "    rows = []\n",
    "    for w in newtopterms:\n",
    "        if (w==''):\n",
    "            #print('yes')\n",
    "            newtopterms.remove(w)\n",
    "            \n",
    "    if ('' in newtopterms):\n",
    "        newtopterms.remove('')\n",
    "    if ('' in newtopterms):\n",
